0.8999999999999999
0.729
0.591
0.45899999999999996
0.354
0.267
0.198
0.14400000000000002
0.10200000000000001
0.066
0.033
0.006
-0.012
-0.021
-0.015
0.003
0.036000000000000004
0.078
0.132
0.189
0.246
0.29700000000000004
0.339
0.369
0.387
0.393
0.387
0.375
0.354
0.327
0.30000000000000004
0.27
0.24
0.21000000000000002
0.18
0.15000000000000002
0.11699999999999999
0.081
0.042
0.0
-0.045
-0.09
-0.138
-0.183
-0.22499999999999998
-0.264
-0.29700000000000004
-0.327
-0.354
-0.378
-0.405
-0.42899999999999994
-0.45599999999999996
-0.483
-0.51
-0.5369999999999999
-0.5549999999999999
-0.5700000000000001
-0.579
-0.585
-0.585
-0.585
-0.585
-0.585
-0.591
-0.6000000000000001
-0.612
-0.621
-0.63
-0.636
-0.636
-0.63
-0.618
-0.6060000000000001
-0.5880000000000001
-0.5700000000000001
-0.546
-0.5189999999999999
-0.486
-0.44099999999999995
-0.387
-0.318
-0.246
-0.168
-0.093
-0.026999999999999996
0.018000000000000002
0.042
0.045
0.021
0.0
