0.6
0.486
0.394
0.306
0.236
0.178
0.132
0.096
0.068
0.044
0.022
0.004
-0.008
-0.014
-0.01
0.002
0.024
0.052
0.088
0.126
0.164
0.198
0.226
0.246
0.258
0.262
0.258
0.25
0.236
0.218
0.2
0.18
0.16
0.14
0.12
0.1
0.078
0.054
0.028
0.0
-0.03
-0.06
-0.092
-0.122
-0.15
-0.176
-0.198
-0.218
-0.236
-0.252
-0.27
-0.286
-0.304
-0.322
-0.34
-0.358
-0.37
-0.38
-0.386
-0.39
-0.39
-0.39
-0.39
-0.39
-0.394
-0.4
-0.408
-0.414
-0.42
-0.424
-0.424
-0.42
-0.412
-0.404
-0.392
-0.38
-0.364
-0.346
-0.324
-0.294
-0.258
-0.212
-0.164
-0.112
-0.062
-0.018
0.012
0.028
0.03
0.014
0.0
