1.7999999999999998
1.458
1.182
0.9179999999999999
0.708
0.534
0.396
0.28800000000000003
0.20400000000000001
0.132
0.066
0.012
-0.024
-0.042
-0.03
0.006
0.07200000000000001
0.156
0.264
0.378
0.492
0.5940000000000001
0.678
0.738
0.774
0.786
0.774
0.75
0.708
0.654
0.6000000000000001
0.54
0.48
0.42000000000000004
0.36
0.30000000000000004
0.23399999999999999
0.162
0.084
0.0
-0.09
-0.18
-0.276
-0.366
-0.44999999999999996
-0.528
-0.5940000000000001
-0.654
-0.708
-0.756
-0.81
-0.8579999999999999
-0.9119999999999999
-0.966
-1.02
-1.0739999999999998
-1.1099999999999999
-1.1400000000000001
-1.158
-1.17
-1.17
-1.17
-1.17
-1.17
-1.182
-1.2000000000000002
-1.224
-1.242
-1.26
-1.272
-1.272
-1.26
-1.236
-1.2120000000000002
-1.1760000000000002
-1.1400000000000001
-1.092
-1.0379999999999998
-0.972
-0.8819999999999999
-0.774
-0.636
-0.492
-0.336
-0.186
-0.05399999999999999
0.036000000000000004
0.084
0.09
0.042
0.0
