2.629235833117685162e-01
2.179122044700407546e-01
1.800810445457633746e-01
1.425318254989631495e-01
1.116423854785357772e-01
8.531885358200307079e-02
6.394648207786970961e-02
4.690142550676160149e-02
3.344384820866790758e-02
2.176533470702123746e-02
1.094091119456078696e-02
1.998035054115593519e-03
-4.007870006328708573e-03
-7.024101504338238315e-03
-5.012296818521054173e-03
9.995084389929200040e-04
1.192972548339142277e-02
2.567309324533815704e-02
4.307453724033545595e-02
6.112539567458254164e-02
7.886159943794104898e-02
9.447301992087858702e-02
1.071521256427560159e-01
1.161129328336880789e-01
1.214518136357530115e-01
1.232252394132773987e-01
1.214518136357530115e-01
1.178956712742217777e-01
1.116423854785357772e-01
1.035456065524947983e-01
9.538392538971728063e-02
8.623798352940219292e-02
7.700912022198574958e-02
6.769580534286238904e-02
5.829646590045212129e-02
4.880948441761458895e-02
3.827059123221564912e-02
2.664769101297533721e-02
1.390447364289161374e-02
0.000000000000000000e+00
-1.511066541018723022e-02
-3.044262612536139181e-02
-4.704057481831404319e-02
-6.282971310226782846e-02
-7.776575716077627209e-02
-9.180739132223211807e-02
-1.038184556844268525e-01
-1.148407435700453533e-01
-1.248447744961081046e-01
-1.338040222796422485e-01
-1.439582894503693422e-01
-1.530510642060672888e-01
-1.633555309623055118e-01
-1.737395004939620846e-01
-1.842029627613098741e-01
-1.947459078034046442e-01
-2.018186900447123400e-01
-2.077396546822820600e-01
-2.113040055585881927e-01
-2.136851442923725919e-01
-2.136851442923725919e-01
-2.136851442923725919e-01
-2.136851442923725919e-01
-2.136851442923725919e-01
-2.160702067546936000e-01
-2.196551572063120128e-01
-2.244488231994094529e-01
-2.280543712739626638e-01
-2.316687463063947794e-01
-2.340832333512046226e-01
-2.340832333512046226e-01
-2.316687463063947794e-01
-2.268515411250949243e-01
-2.220500285245325944e-01
-2.148771850641250092e-01
-2.077396546822820600e-01
-1.982778839458189113e-01
-1.877084468455777200e-01
-1.748981820282221045e-01
-1.576210114054333034e-01
-1.371799415975137604e-01
-1.115237442703274351e-01
-8.530600418158310050e-02
-5.754209381202591428e-02
-3.147262382243860152e-02
-9.039840832973088450e-03
5.982362046915696771e-03
1.390447364289161374e-02
1.489041126917639395e-02
6.976008570617083654e-03
