0.300000000000000
0.243000000000000
0.197000000000000
0.153000000000000
0.118000000000000
0.0890000000000000
0.0660000000000000
0.0480000000000000
0.0340000000000000
0.0220000000000000
0.0110000000000000
0.00200000000000000
-0.00400000000000000
-0.00700000000000000
-0.00500000000000000
0.00100000000000000
0.0120000000000000
0.0260000000000000
0.0440000000000000
0.0630000000000000
0.0820000000000000
0.0990000000000000
0.113000000000000
0.123000000000000
0.129000000000000
0.131000000000000
0.129000000000000
0.125000000000000
0.118000000000000
0.109000000000000
0.100000000000000
0.0900000000000000
0.0800000000000000
0.0700000000000000
0.0600000000000000
0.0500000000000000
0.0390000000000000
0.0270000000000000
0.0140000000000000
0
-0.0150000000000000
-0.0300000000000000
-0.0460000000000000
-0.0610000000000000
-0.0750000000000000
-0.0880000000000000
-0.0990000000000000
-0.109000000000000
-0.118000000000000
-0.126000000000000
-0.135000000000000
-0.143000000000000
-0.152000000000000
-0.161000000000000
-0.170000000000000
-0.179000000000000
-0.185000000000000
-0.190000000000000
-0.193000000000000
-0.195000000000000
-0.195000000000000
-0.195000000000000
-0.195000000000000
-0.195000000000000
-0.197000000000000
-0.200000000000000
-0.204000000000000
-0.207000000000000
-0.210000000000000
-0.212000000000000
-0.212000000000000
-0.210000000000000
-0.206000000000000
-0.202000000000000
-0.196000000000000
-0.190000000000000
-0.182000000000000
-0.173000000000000
-0.162000000000000
-0.147000000000000
-0.129000000000000
-0.106000000000000
-0.0820000000000000
-0.0560000000000000
-0.0310000000000000
-0.00900000000000000
0.00600000000000000
0.0140000000000000
0.0150000000000000
0.00700000000000000
0
