1.300000000000000
1.243000000000000
1.197000000000000
1.153000000000000
1.118000000000000
1.0890000000000000
1.0660000000000000
1.0480000000000000
1.0340000000000000
1.0220000000000000
1.0110000000000000
1.00200000000000000
-1.00400000000000000
-1.00700000000000000
-1.00500000000000000
1.00100000000000000
1.0120000000000000
1.0260000000000000
1.0440000000000000
1.0630000000000000
1.0820000000000000
1.0990000000000000
1.113000000000000
1.123000000000000
1.129000000000000
1.131000000000000
1.129000000000000
1.125000000000000
1.118000000000000
1.109000000000000
1.100000000000000
1.0900000000000000
1.0800000000000000
1.0700000000000000
1.0600000000000000
1.0500000000000000
1.0390000000000000
1.0270000000000000
1.0140000000000000
1
-1.0150000000000000
-1.0300000000000000
-1.0460000000000000
-1.0610000000000000
-1.0750000000000000
-1.0880000000000000
-1.0990000000000000
-1.109000000000000
-1.118000000000000
-1.126000000000000
-1.135000000000000
-1.143000000000000
-1.152000000000000
-1.161000000000000
-1.170000000000000
-1.179000000000000
-1.185000000000000
-1.190000000000000
-1.193000000000000
-1.195000000000000
-1.195000000000000
-1.195000000000000
-1.195000000000000
-1.195000000000000
-1.197000000000000
-1.200000000000000
-1.204000000000000
-1.207000000000000
-1.210000000000000
-1.212000000000000
-1.212000000000000
-1.210000000000000
-1.206000000000000
-1.202000000000000
-1.196000000000000
-1.190000000000000
-1.182000000000000
-1.173000000000000
-1.162000000000000
-1.147000000000000
-1.129000000000000
-1.106000000000000
-1.0820000000000000
-1.0560000000000000
-1.0310000000000000
-1.00900000000000000
1.00600000000000000
1.0140000000000000
1.0150000000000000
1.00700000000000000
1
