1.2
0.972
0.788
0.612
0.472
0.356
0.264
0.192
0.136
0.088
0.044
0.008
-0.016
-0.028
-0.02
0.004
0.048
0.104
0.176
0.252
0.328
0.396
0.452
0.492
0.516
0.524
0.516
0.5
0.472
0.436
0.4
0.36
0.32
0.28
0.24
0.2
0.156
0.108
0.056
0.0
-0.06
-0.12
-0.184
-0.244
-0.3
-0.352
-0.396
-0.436
-0.472
-0.504
-0.54
-0.572
-0.608
-0.644
-0.68
-0.716
-0.74
-0.76
-0.772
-0.78
-0.78
-0.78
-0.78
-0.78
-0.788
-0.8
-0.816
-0.828
-0.84
-0.848
-0.848
-0.84
-0.824
-0.808
-0.784
-0.76
-0.728
-0.692
-0.648
-0.588
-0.516
-0.424
-0.328
-0.224
-0.124
-0.036
0.024
0.056
0.06
0.028
0.0
