1.5
1.2149999999999999
0.9850000000000001
0.765
0.59
0.44499999999999995
0.33
0.24
0.17
0.10999999999999999
0.05499999999999999
0.01
-0.02
-0.035
-0.025
0.005
0.06
0.13
0.21999999999999997
0.315
0.41000000000000003
0.495
0.5650000000000001
0.615
0.645
0.655
0.645
0.625
0.59
0.545
0.5
0.44999999999999996
0.4
0.35000000000000003
0.3
0.25
0.195
0.135
0.07
0.0
-0.075
-0.15
-0.22999999999999998
-0.305
-0.375
-0.43999999999999995
-0.495
-0.545
-0.59
-0.63
-0.675
-0.715
-0.76
-0.805
-0.8500000000000001
-0.895
-0.925
-0.95
-0.9650000000000001
-0.9750000000000001
-0.9750000000000001
-0.9750000000000001
-0.9750000000000001
-0.9750000000000001
-0.9850000000000001
-1.0
-1.02
-1.035
-1.05
-1.06
-1.06
-1.05
-1.03
-1.01
-0.98
-0.95
-0.9099999999999999
-0.865
-0.81
-0.735
-0.645
-0.53
-0.41000000000000003
-0.28
-0.155
-0.045
0.03
0.07
0.075
0.035
0.0
