-1.5319148936168
-1.6269818754924
-1.6956217494088
-1.754174940898
-1.7874609929076
-1.7979007092196
-1.782468085106
-1.7457021276592
-1.695319148936
-1.6381276595744
-1.5782127659572
-1.5182978723404
-1.4597446808508
-1.398468085106
-1.327659574468
-1.2445957446808
-1.1492765957444
-1.038978723404
-0.9150638297872
-0.7870638297872
-0.6604255319148
-0.5419574468084
-0.438468085106
-0.35812765957444
-0.30093617021276
-0.26689361702124
-0.24919148936168
-0.24510638297868
-0.24374468085104
-0.2382978723404
-0.2246808510638
-0.20561702127656
-0.1783829787234
-0.14978723404252
-0.12255319148932
-0.09804255319148
-0.07217021276592
-0.04765957446808
-0.021787234042548
0.004085106382984
0.027234042553188
0.04085106382976
0.04765957446808
0.04765957446808
0.04221276595744
0.035404255319148
0.032680851063844
0.02995744680852
0.027234042553188
0.024510638297868
0.021787234042548
0.019063829787228
0.02178723404256
0.03131914893616
0.04902127659572
0.07217021276592
0.09940425531912
0.128
0.1552340425532
0.17974468085104
0.20289361702124
0.22331914893616
0.24102127659572
0.25872340425532
0.2750638297872
0.292765957446816
0.31455319148936
0.339063829787232
0.36493617021276
0.39489361702128
0.4248510638296
0.4520851063828
0.4779574468084
0.502468085106
0.5242553191488
0.543319148936
0.5651063829784
0.5937021276592
0.630468085106
0.6781276595744
0.743489361702
0.822468085106
0.910978723404
1.0090212765956
1.1138723404252
1.214638297872
1.3126808510636
1.3971063829784
1.47971631205672
1.5319148936168
