-0.7659574468084
-0.8134909377462
-0.8478108747044
-0.877087470449
-0.8937304964538
-0.8989503546098
-0.891234042553
-0.8728510638296
-0.847659574468
-0.8190638297872
-0.7891063829786
-0.7591489361702
-0.7298723404254
-0.699234042553
-0.663829787234
-0.6222978723404
-0.5746382978722
-0.519489361702
-0.4575319148936
-0.3935319148936
-0.3302127659574
-0.2709787234042
-0.219234042553
-0.17906382978722
-0.15046808510638
-0.13344680851062
-0.12459574468084
-0.12255319148934
-0.12187234042552
-0.1191489361702
-0.1123404255319
-0.10280851063828
-0.0891914893617
-0.07489361702126
-0.06127659574466
-0.04902127659574
-0.03608510638296
-0.02382978723404
-0.010893617021274
0.002042553191492
0.013617021276594
0.02042553191488
0.02382978723404
0.02382978723404
0.02110638297872
0.017702127659574
0.016340425531922
0.01497872340426
0.013617021276594
0.012255319148934
0.010893617021274
0.009531914893614
0.01089361702128
0.01565957446808
0.02451063829786
0.03608510638296
0.04970212765956
0.064
0.0776170212766
0.08987234042552
0.10144680851062
0.11165957446808
0.12051063829786
0.12936170212766
0.1375319148936
0.146382978723408
0.15727659574468
0.169531914893616
0.18246808510638
0.19744680851064
0.2124255319148
0.2260425531914
0.2389787234042
0.251234042553
0.2621276595744
0.271659574468
0.2825531914892
0.2968510638296
0.315234042553
0.3390638297872
0.371744680851
0.411234042553
0.455489361702
0.5045106382978
0.5569361702126
0.607319148936
0.6563404255318
0.6985531914892
0.73985815602836
0.7659574468084
