-3.205518436260057502e-01
-3.371948837142257904e-01
-3.490253400172845799e-01
-3.589972752845369541e-01
-3.646177555913540091e-01
-3.663734151879367018e-01
-3.637768932775883313e-01
-3.575610486182848602e-01
-3.489735208194503779e-01
-3.391263942622405603e-01
-3.286949819063446632e-01
-3.181429103216488752e-01
-3.077114656642149781e-01
-2.966657822938034150e-01
-2.837334620074895009e-01
-2.683262237199451894e-01
-2.503205530104046783e-01
-2.290346244307338019e-01
-2.045175079290636466e-01
-1.784872530794282541e-01
-1.519899580036530029e-01
-1.264947381834071183e-01
-1.036334449628312088e-01
-8.548879649406765369e-02
-7.235268125704735764e-02
-6.444446549163329596e-02
-6.030545207853564571e-02
-5.934767324863703813e-02
-5.902819432577640496e-02
-5.774918012530525641e-02
-5.454392942466686212e-02
-5.003794628827102492e-02
-4.356274729648467597e-02
-3.671497321443377426e-02
-3.014614845183391512e-02
-2.419435807399733865e-02
-1.787042045334227836e-02
-1.183951264425169535e-02
-5.430985453302858076e-03
1.021834979025266566e-03
6.833331051050974859e-03
1.026861634774142371e-02
1.199091523659857363e-02
1.199091523660221828e-02
1.061282777098459217e-02
8.893012338667008118e-03
8.205955303034287787e-03
7.519394881734515687e-03
6.833331051050974859e-03
6.147763787259229694e-03
5.462693066609324195e-03
4.778118865339718753e-03
5.462693066612862164e-03
7.862613017068899313e-03
1.233574756093896475e-02
1.821690041022307194e-02
2.518187332163580872e-02
3.254860544316507537e-02
3.961552749414332802e-02
4.601830715737144362e-02
5.210240588529824191e-02
5.750061190359632979e-02
6.220172662868617836e-02
6.692389815805635522e-02
7.130152055832179869e-02
7.606420335128775967e-02
8.195489861148433364e-02
8.862010422538184329e-02
9.569946583788409289e-02
1.039529301557394064e-01
1.122668512849209488e-01
1.198774483653595735e-01
1.271538370192506207e-01
1.340889079334612877e-01
1.402874487925190594e-01
1.457374567863553849e-01
1.519960868375826724e-01
1.602591988598628947e-01
1.709643991670874164e-01
1.849775475610715147e-01
2.044455250416048198e-01
2.283554101141926085e-01
2.556536125355978739e-01
2.865125631418202201e-01
3.202377250925600993e-01
3.533542966435099797e-01
3.862403333252596438e-01
4.150847153422681513e-01
4.437803616128699336e-01
4.621529379829129591e-01
