-0.382978723404253
-0.406745468873126
-0.423905437352243
-0.438543735224584
-0.446865248226949
-0.449475177304961
-0.445617021276593
-0.436425531914892
-0.423829787234041
-0.409531914893616
-0.394553191489361
-0.379574468085103
-0.364936170212765
-0.349617021276593
-0.331914893617022
-0.311148936170213
-0.287319148936170
-0.259744680851064
-0.228765957446807
-0.196765957446807 
-0.165106382978721
-0.135489361702128
-0.109617021276595
-0.0895319148936160
-0.0752340425531912
-0.0667234042553169
-0.0622978723404231
-0.0612765957446797
-0.0609361702127629
-0.0595744680851063
-0.0561702127659558
-0.0514042553191487
-0.0445957446808514
-0.0374468085106372
-0.0306382978723398
-0.0245106382978726
-0.0180425531914885
-0.0119148936170213
-0.00544680851063717
0.00102127659574691
0.00680851063829735
0.0102127659574478
0.0119148936170213
0.0119148936170248
0.0105531914893611
0.00885106382978762
0.00817021276596108
0.00748936170213099
0.00680851063829735
0.00612765957446726
0.00544680851063717
0.00476595744680708
0.00544680851064072
0.00782978723404071
0.0122553191489381
0.0180425531914885
0.0248510638297894
0.0320000000000000
0.0388085106383009
0.0449361702127682
0.0507234042553186
 0.0558297872340425
 0.0602553191489363
 0.0646808510638302
0.0687659574468071
 0.0731914893617045 
0.0786382978723417
 0.0847659574468089 
0.0912340425531930
0.0987234042553205
0.106212765957448
0.113021276595745
0.119489361702126
0.125617021276597
0.131063829787234
0.135829787234041
0.141276595744682
0.148425531914892
0.157617021276597
0.169531914893618
0.185872340425533
0.205617021276598
0.227744680851064
0.252255319148937
0.278468085106383
0.303659574468085
0.328170212765958
0.349276595744680
0.369929078014184 
0.382978723404253
