-1.1489361702126
-1.2202364066192999
-1.2717163120566
-1.3156312056735
-1.3405957446807
-1.3484255319147
-1.3368510638295
-1.3092765957444
-1.271489361702
-1.2285957446808
-1.1836595744679
-1.1387234042553
-1.0948085106380998
-1.0488510638295
-0.995744680851
-0.9334468085106
-0.8619574468083
-0.779234042553
-0.6862978723404001
-0.5902978723404
-0.4953191489361
-0.40646808510629995
-0.3288510638295
-0.26859574468083
-0.22570212765956998
-0.20017021276593
-0.18689361702126
-0.18382978723401
-0.18280851063828002
-0.1787234042553
-0.16851063829785
-0.15421276595742
-0.13378723404255
-0.11234042553189
-0.09191489361699
-0.07353191489361
-0.054127659574440004
-0.03574468085106
-0.016340425531911
0.003063829787238
0.020425531914891
0.030638297872319996
0.03574468085106
0.03574468085106
0.03165957446808
0.026553191489361
0.024510638297883004
0.02246808510639
0.020425531914891
0.018382978723401
0.016340425531911
0.014297872340421
0.01634042553192
0.02348936170212
0.036765957446789996
0.054127659574440004
0.07455319148934
0.096
0.1164255319149
0.13480851063828
0.15217021276593
0.16748936170212
0.18076595744679
0.19404255319149
0.2062978723404
0.219574468085112
0.23591489361702
0.254297872340424
0.27370212765956997
0.29617021276596
0.3186382978722
0.3390638297871
0.3584680851063
0.37685106382950007
0.3931914893616
0.407489361702
0.4238297872338
0.44527659574440004
0.47285106382950004
0.5085957446808
0.5576170212764999
0.6168510638295
0.683234042553
0.7567659574466999
0.8354042553189001
0.9109787234040001
0.9845106382977
1.0478297872338
1.10978723404254
1.1489361702126
